Input: 
expression [[1, 5, 2], [4, 9, 5], [8, 7, 6]] + [[0, 2, 1], [8, 2, 7], [3, 2, 5]]

Result: 
        1.00000         7.00000         3.00000 
       12.00000        11.00000        12.00000 
       11.00000         9.00000        11.00000 

Input: 
expression [[1, 5, 2], [4, 9, 5], [8, 7, 6]] - [[0, 2, 1], [8, 2, 7], [3, 2, 5]]

Result: 
        1.00000         3.00000         1.00000 
       -4.00000         7.00000        -2.00000 
        5.00000         5.00000         1.00000 

Input: 
expression [[1, 5, 2], [4, 9, 5], [8, 7, 6]] * [[0, 2, 1], [8, 2, 7], [3, 2, 5]]

Result: 
       46.00000        16.00000        46.00000 
       87.00000        36.00000        92.00000 
       74.00000        42.00000        87.00000 

Input: 
expression [[1, 5, 2], [4, 9, 5], [8, 7, 6]] * 5

Result: 
        5.00000        25.00000        10.00000 
       20.00000        45.00000        25.00000 
       40.00000        35.00000        30.00000 

Input: 
expression 8 * [[0, 2, 1], [8, 2, 7], [3, 2, 5]]

Result: 
        0.00000        16.00000         8.00000 
       64.00000        16.00000        56.00000 
       24.00000        16.00000        40.00000 

Input: 
expression [[1, 5, 2], [4, 9, 5], [8, 7, 6]] == [[0, 2, 1], [8, 2, 7], [3, 2, 5]]

Result: 
FALSE

Input: 
expression [[1, 5, 2], [4, 9, 5], [8, 7, 6]] != [[0, 2, 1], [8, 2, 7], [3, 2, 5]]

Result: 
TRUE

Input: 
determinant [[1, 5, 2], [4, 9, 5], [8, 7, 6]]

Result: 
11.00000

Input: 
reversed [[1, 5, 2], [4, 9, 5], [8, 7, 6]]

Result: 
        1.72727        -1.45455         0.63636 
        1.45455        -0.90909         0.27273 
       -4.00000         3.00000        -1.00000 

Input: 
transpose [[1, 5, 2], [4, 9, 5], [8, 7, 6]]

Result: 
        1.00000         4.00000         8.00000 
        5.00000         9.00000         7.00000 
        2.00000         5.00000         6.00000 

Input: 
trace [[1, 5, 2], [4, 9, 5], [8, 7, 6]]

Result: 
16.00000

Input: 
exponential [[1, 5, 2], [4, 9, 5], [8, 7, 6]]

Result: 
      109.49342       189.24695       113.92327 
      233.55169       402.58980       243.44586 
      250.30777       422.97832       258.80434 

